1 0.9190981432360743 0.15349264705882354 0.02652519893899208 0.11029411764705883
1 0.7476790450928381 0.11810661764705882 0.0629973474801061 0.0854779411764706
1 0.7569628647214854 0.2265625 0.07493368700265257 0.04503676470588236
1 0.9137931034482758 0.6875 0.07427055702917762 0.08272058823529416
1 0.7185013262599469 0.6920955882352942 0.06432360742705578 0.0716911764705882
1 0.5765915119363395 0.7155330882352942 0.06432360742705567 0.12959558823529405
1 0.8192970822281167 0.9361213235294117 0.06167108753315653 0.02113970588235292
1 0.8199602122015915 0.9682904411764706 0.06432360742705567 0.022977941176470562
1 0.6425729442970822 0.9039522058823529 0.01591511936339529 0.03952205882352944
1 0.4161140583554377 0.15762867647058823 0.07360742705570295 0.12408088235294118
1 0.09748010610079574 0.16681985294117646 0.0742705570291777 0.12959558823529413
1 0.4177718832891246 0.3818933823529412 0.045092838196286456 0.1498161764705882
1 0.16114058355437666 0.3515625 0.03448275862068967 0.09283088235294112
1 0.15915119363395225 0.35018382352941174 0.030503978779840846 0.09191176470588236
1 0.09350132625994695 0.390625 0.05039787798408488 0.12683823529411764
1 0.383289124668435 0.5583639705882353 0.053050397877984046 0.07628676470588236
1 0.26856763925729443 0.6001838235294118 0.050397877984084904 0.15992647058823528
1 0.383289124668435 0.8106617647058824 0.0954907161803713 0.11764705882352944
1 0.2675729442970822 0.8079044117647058 0.07891246684350131 0.10661764705882348
1 0.1724137931034483 0.7936580882352942 0.04111405835543766 0.08363970588235292
1 0.08521220159151194 0.7996323529411764 0.045755968169761276 0.11764705882352933